1926.811453 5.466070195310928e-07
1935.2114530000001 4.631975111166947e-07
1943.6114530000002 2.8186377151326245e-07
1952.0114530000003 1.2316705652164654e-07
1960.4114530000004 3.8649644528702836e-08
1968.8114530000005 8.72488004535586e-09
1977.2114530000006 1.5603635191251388e-09
1985.6114530000007 1.1797783067667646e-09
1994.0114530000008 4.9559420991363726e-09
2002.4114530000008 1.7522978472404188e-08
2010.811453000001 4.5808406177496455e-08
2019.211453000001 9.006257839669153e-08
2027.6114530000011 1.3771917573160628e-07
2036.0114530000012 1.7474446633845747e-07
2044.4114530000013 2.1134779892357434e-07
2052.811453000001 2.979973040098416e-07
2061.2114530000017 4.994772617203822e-07
2069.6114530000013 8.154663706874993e-07
2078.011453000002 1.128795473478638e-06
2086.4114530000015 1.2980021384527516e-06
2094.811453000002 1.3175767457639057e-06
2103.2114530000017 1.339666879008574e-06
2111.6114530000023 1.550732664110367e-06
2120.011453000002 2.0556492938951883e-06
2128.4114530000024 2.862509097856947e-06
2136.811453000002 3.958971523116034e-06
2145.2114530000026 5.349977597248445e-06
2153.6114530000023 6.984896893680741e-06
2162.011453000003 8.750842836222234e-06
2170.4114530000024 1.0602330709434399e-05
2178.811453000003 1.2599055264390013e-05
2187.2114530000026 1.4819392456551411e-05
2195.611453000003 1.7303552653162576e-05
2204.011453000003 2.0064105264605443e-05
2212.4114530000033 2.321939635251366e-05
2220.811453000003 2.706038449972492e-05
2229.2114530000035 3.18166794224806e-05
2237.611453000003 3.755785841605204e-05
2246.0114530000037 4.4308324658966e-05
2254.4114530000033 5.1872098470175374e-05
2262.811453000004 5.999120705360559e-05
2271.2114530000035 6.911519556571573e-05
2279.611453000004 8.033902043162276e-05
2288.0114530000037 9.431719699092539e-05
2296.4114530000043 0.00011064684120696808
2304.811453000004 0.00012832317941977484
2313.2114530000044 0.0001466710355895918
2321.611453000004 0.00016600591648539796
2330.0114530000046 0.00018769963946899001
2338.4114530000043 0.00021330186335285402
2346.811453000005 0.00024312995042138937
2355.2114530000044 0.0002761094734917883
2363.611453000005 0.00031108712246085215
2372.0114530000046 0.00034769195654720187
2380.411453000005 0.0003856843144556215
2388.811453000005 0.00042370143373526175
2397.2114530000053 0.0004595635176989926
2405.611453000005 0.0004926666313458617
2414.0114530000055 0.0005254827693196303
2422.411453000005 0.0005620378980403368
2430.8114530000057 0.000605459107780018
2439.2114530000053 0.0006571582775653915
2447.611453000006 0.0007170826757508548
2456.0114530000055 0.000783227308304652
2464.411453000006 0.0008510619988465836
2472.8114530000057 0.0009160088810624798
2481.2114530000063 0.0009781577505985567
2489.611453000006 0.001042205514371109
2498.0114530000064 0.0011114758843867372
2506.411453000006 0.0011851489958291568
2514.8114530000066 0.0012617910054233646
2523.2114530000063 0.0013410126373754744
2531.611453000007 0.001420502692650589
2540.0114530000064 0.0014957812382966431
2548.411453000007 0.001565050796844608
2556.8114530000066 0.0016318817197141858
2565.211453000007 0.0017009918039983163
2573.611453000007 0.0017724801344829678
2582.0114530000074 0.001842332678056861
2590.411453000007 0.0019075194704676708
2598.8114530000075 0.001967523736371284
2607.211453000007 0.0020216800007850705
2615.6114530000077 0.0020683839119981784
2624.0114530000074 0.0021071281552543252
2632.411453000008 0.002139644979813593
2640.8114530000075 0.0021688716913225905
2649.211453000008 0.0021970371097591443
2657.6114530000077 0.0022232526248540897
2666.0114530000083 0.0022428865391162477
2674.411453000008 0.0022524822908190816
2682.8114530000084 0.002254472002858869
2691.211453000008 0.0022532870060733737
2699.6114530000086 0.0022499622333752747
2708.0114530000083 0.0022442648156939062
2716.411453000009 0.0022371403296504
2724.8114530000084 0.0022286187577407112
2733.211453000009 0.002218285414473296
2741.6114530000086 0.002206424015597739
2750.011453000009 0.002190183551589062
2758.411453000009 0.0021637501141244277
2766.8114530000094 0.0021254577859498923
2775.211453000009 0.002078627628257409
2783.6114530000095 0.0020248800152598188
2792.011453000009 0.0019624820877763233
2800.4114530000097 0.001892063512113787
2808.8114530000094 0.00182003310146038
2817.21145300001 0.0017542593112995482
2825.6114530000095 0.0016975642773352695
2834.01145300001 0.001646614034269144
2842.4114530000097 0.0015968842357044354
2850.8114530000103 0.0015469489280239912
2859.21145300001 0.0014963241355720382
2867.6114530000104 0.0014416020816593186
2876.01145300001 0.0013786688954983979
2884.4114530000106 0.001307729185804639
2892.8114530000103 0.0012331758748191219
2901.211453000011 0.0011600626493036615
2909.6114530000104 0.0010922967600065993
2918.011453000011 0.001031590900289511
2926.4114530000106 0.0009773730410573044
2934.811453000011 0.000928950424712203
2943.211453000011 0.0008856983546991777
2951.6114530000114 0.0008443106660633834
2960.011453000011 0.000799480036215832
2968.4114530000115 0.0007486673538039477
2976.811453000011 0.0006943906372284655
2985.2114530000117 0.0006419193468983557
2993.6114530000114 0.0005951814749583439
3002.011453000012 0.0005541649977350465
3010.4114530000115 0.000516500595475428
3018.811453000012 0.00048118524042872
3027.2114530000117 0.0004493397205757065
3035.6114530000123 0.00042194659994116844
3044.011453000012 0.0003984213536687669
3052.4114530000124 0.0003767605179444365
3060.811453000012 0.0003539980247176323
3069.2114530000126 0.00032779491167513487
3077.6114530000123 0.00029898157848773095
3086.011453000013 0.00027129160546394504
3094.4114530000124 0.00024745368437971416
3102.811453000013 0.00022687115125628204
3111.2114530000126 0.0002076234453375775
3119.611453000013 0.00018911826691373536
3128.011453000013 0.0001721781170097384
3136.4114530000134 0.00015744329860330176
3144.811453000013 0.00014447582961413127
3153.2114530000135 0.000132489234486957
3161.611453000013 0.00012139420741423644
3170.0114530000137 0.00011178229599374237
3178.4114530000134 0.00010406898849042116
3186.811453000014 9.767134298577431e-05
3195.2114530000135 9.114890474989317e-05
3203.611453000014 8.36836827916611e-05
3212.0114530000137 7.611863756283852e-05
3220.4114530000143 6.973678806206828e-05
3228.811453000014 6.460571576076032e-05
3237.2114530000144 5.991239195663479e-05
3245.611453000014 5.52174474881695e-05
3254.0114530000146 5.0767575291592674e-05
3262.4114530000143 4.7027935787366334e-05
3270.811453000015 4.425603472701662e-05
3279.2114530000144 4.231426355591577e-05
3287.611453000015 4.061593147378035e-05
3296.0114530000146 3.842393454229348e-05
3304.411453000015 3.556107519933728e-05
3312.811453000015 3.262216535917143e-05
3321.2114530000154 3.029840728861904e-05
3329.611453000015 2.8878887044752762e-05
3338.0114530000155 2.8222748310506088e-05
3346.411453000015 2.760447409597232e-05
3354.8114530000157 2.5970515517691212e-05
3363.2114530000154 2.2923791202453157e-05
3371.611453000016 1.918157007286603e-05
3380.0114530000155 1.5930969518540874e-05
3388.411453000016 1.3963350948359127e-05
3396.8114530000157 1.3197740937524362e-05
3405.2114530000163 1.2794847520016932e-05
3413.611453000016 1.1963817430027018e-05
3422.0114530000164 1.068856835964248e-05
3430.411453000016 9.474656465480031e-06
3438.8114530000166 8.597904026174147e-06
3447.2114530000163 7.895237814120266e-06
3455.611453000017 7.1952941380381445e-06
3464.0114530000164 6.631991620292093e-06
3472.411453000017 6.371034179525813e-06
3480.8114530000166 6.294432195120279e-06
3489.211453000017 6.183174318707305e-06
3497.611453000017 5.97581293956649e-06
3506.0114530000174 5.754849923278977e-06
3514.411453000017 5.67732617781419e-06
3522.8114530000175 5.849012110422367e-06
3531.211453000017 6.111275879385277e-06
3539.6114530000177 6.053445758412282e-06
3548.0114530000174 5.399491962945111e-06
3556.411453000018 4.364397496074324e-06
3564.8114530000175 3.4658522430562983e-06
3573.211453000018 2.979331988647356e-06
3581.6114530000177 2.7178479110903656e-06
3590.0114530000183 2.3427818247288777e-06
3598.411453000018 1.758316611996348e-06
3606.8114530000184 1.1406751025018753e-06
3615.211453000018 6.920944962563815e-07
3623.6114530000186 4.844374733681122e-07
3632.0114530000183 4.875218347420157e-07
3640.411453000019 6.432231261631033e-07
3648.8114530000184 8.800488192904172e-07
3657.211453000019 1.0930366597727192e-06
3665.6114530000186 1.1954072115515417e-06
3674.011453000019 1.2031715898284428e-06
3682.411453000019 1.1970847468864709e-06
3690.8114530000194 1.2194127745979285e-06
3699.211453000019 1.249744329841476e-06
3707.6114530000195 1.2201707012686144e-06
3716.011453000019 1.0541444163541012e-06
3724.4114530000197 7.65890395941271e-07
3732.8114530000194 5.034810789381918e-07
3741.21145300002 4.4933822512559486e-07
3749.6114530000195 6.683019068297296e-07
3758.01145300002 1.0090498091994853e-06
3766.4114530000197 1.1754343717963707e-06
3774.8114530000203 1.0021458915614766e-06
3783.21145300002 6.288958312913498e-07
3791.6114530000204 3.177511968613889e-07
3800.01145300002 1.8695610255804097e-07
3808.4114530000206 1.791103167139334e-07
3816.8114530000203 1.8668682710873152e-07
3825.211453000021 1.5716305735496373e-07
3833.6114530000204 1.145348724796163e-07
3842.011453000021 1.0944547409749675e-07
3850.4114530000206 1.6362990241252022e-07
3858.811453000021 2.645209783222526e-07
3867.211453000021 3.9567885772309185e-07
3875.6114530000214 5.387704568958605e-07
3884.011453000021 6.498729876645738e-07
3892.4114530000215 7.139969326569678e-07
3900.811453000021 8.182151905608346e-07
3909.2114530000217 1.0270603559616678e-06
3917.6114530000214 1.1977655676409656e-06
3926.011453000022 1.1107974995052828e-06
3934.4114530000215 7.699282672928331e-07
3942.811453000022 3.928727379171707e-07
3951.2114530000217 1.4768272789716597e-07
3959.6114530000223 4.135067772356812e-08
3968.011453000022 1.0142158823380801e-08
3976.4114530000224 8.389920370890967e-09
3984.811453000022 2.2175528903575213e-08
3993.2114530000226 4.9368205029228935e-08
4001.6114530000223 8.02635603754832e-08
4010.011453000023 9.860041900554175e-08
4018.4114530000224 1.0719207070231435e-07
4026.811453000023 1.4093456728938246e-07
4035.2114530000226 2.275681203413846e-07
4043.611453000023 3.303822550927812e-07
4052.011453000023 3.640882000689687e-07
4060.4114530000234 2.914547459485657e-07
4068.811453000023 1.6792323876310512e-07
4077.2114530000235 6.950698004735644e-08
4085.611453000023 2.0661728497916495e-08
4094.0114530000237 4.410567815527039e-09
4102.411453000023 6.760921268932867e-10
4110.811453000024 7.442171609242949e-11
4119.2114530000235 5.88350620048833e-12
4127.611453000024 3.6028990880678414e-13
4136.011453000024 6.195562442925356e-13
4144.411453000024 9.996336520676888e-12
4152.811453000024 1.184119168976248e-10
4161.211453000024 1.0072777179504723e-09
4169.611453000024 6.152974253704211e-09
