2800.0 2.7100739273766043e-164
2812.4 6.988842280554743e-161
2824.8 1.6525517310539485e-157
2837.2000000000003 3.58286635767202e-154
2849.6000000000004 7.12249047001927e-151
2862.0000000000005 1.2982516000989192e-147
2874.4000000000005 2.1697593986665033e-144
2886.8000000000006 3.324987462058611e-141
2899.2000000000007 4.6719067709363475e-138
2911.600000000001 6.018995872196641e-135
2924.000000000001 7.110164444528416e-132
2936.400000000001 7.701245481998786e-129
2948.800000000001 7.648354527941375e-126
2961.200000000001 6.964673737969466e-123
2973.6000000000013 5.8151278089757125e-120
2986.0000000000014 4.4518802538649014e-117
2998.4000000000015 3.12502435263317e-114
3010.8000000000015 2.0113565305081735e-111
3023.2000000000016 1.1869992260509286e-108
3035.6000000000017 6.422994256825945e-106
3048.000000000002 3.1867673108315957e-103
3060.400000000002 1.4497359068567725e-100
3072.800000000002 6.047183670657853e-98
3085.200000000002 2.3128269840967212e-95
3097.600000000002 8.110709634260451e-93
3110.0000000000023 2.6079561447086127e-90
3122.4000000000024 7.688957075030396e-88
3134.8000000000025 2.078549209577873e-85
3147.2000000000025 5.152036219831065e-83
3159.6000000000026 1.1709092218704797e-80
3172.0000000000027 2.440019334364316e-78
3184.400000000003 4.662179938119499e-76
3196.800000000003 8.167901979965345e-74
3209.200000000003 1.312072176404412e-71
3221.600000000003 1.932549637303042e-69
3234.000000000003 2.6099327203841428e-67
3246.4000000000033 3.2318685624131217e-65
3258.8000000000034 3.6694738044776023e-63
3271.2000000000035 3.8201429773052696e-61
3283.6000000000035 3.6465415671947114e-59
3296.0000000000036 3.1915999166812836e-57
3308.4000000000037 2.5613058916058485e-55
3320.800000000004 1.8846911018703093e-53
3333.200000000004 1.2715827913185486e-51
3345.600000000004 7.866378442114539e-50
3358.000000000004 4.4620123243944396e-48
3370.400000000004 2.3206649040179803e-46
3382.8000000000043 1.106674358693835e-44
3395.2000000000044 4.838970914409122e-43
3407.6000000000045 1.9400455872011151e-41
3420.0000000000045 7.131758504100751e-40
3432.4000000000046 2.4038485727251037e-38
3444.8000000000047 7.429222860147095e-37
3457.200000000005 2.105258803719889e-35
3469.600000000005 5.470077177578454e-34
3482.000000000005 1.3031887153035118e-32
3494.400000000005 2.8467354724840384e-31
3506.800000000005 5.701812430076709e-30
3519.2000000000053 1.0471402067547352e-28
3531.6000000000054 1.763286771834485e-27
3544.0000000000055 2.7224970034265996e-26
3556.4000000000055 3.854236875094838e-25
3568.8000000000056 5.003065208459484e-24
3581.2000000000057 5.954715326905274e-23
3593.600000000006 6.498503076600488e-22
3606.000000000006 6.5026991938875025e-21
3618.400000000006 5.966267238856308e-20
3630.800000000006 5.019279155596785e-19
3643.200000000006 3.871781235796158e-18
3655.6000000000063 2.738499614002253e-17
3668.0000000000064 1.7760251941136477e-16
3680.4000000000065 1.0561437952611618e-15
3692.8000000000065 5.758886390828309e-15
3705.2000000000066 2.879394483028348e-14
3717.6000000000067 1.3201374323946462e-13
3730.000000000007 5.550145277897805e-13
3742.400000000007 2.1398073862411378e-12
3754.800000000007 7.56585017704285e-12
3767.200000000007 2.4535626587789033e-11
3779.600000000007 7.299003409448996e-11
3792.0000000000073 1.9923869475262086e-10
3804.4000000000074 4.992564346231968e-10
3816.8000000000075 1.1493370346381862e-09
3829.2000000000075 2.4339829237328867e-09
3841.6000000000076 4.7524458521722234e-09
3854.0000000000077 8.588558428686961e-09
3866.400000000008 1.4458177269395136e-08
3878.800000000008 2.2905032429692567e-08
3891.200000000008 3.4663293651155686e-08
3903.600000000008 5.107275684293116e-08
3916.000000000008 7.466488447153556e-08
3928.4000000000083 1.0958371238571429e-07
3940.8000000000084 1.613659489464801e-07
3953.2000000000085 2.3583923381785374e-07
3965.6000000000085 3.3757582268485326e-07
3978.0000000000086 4.6910595286423177e-07
3990.4000000000087 6.322455443523377e-07
4002.800000000009 8.318943803074869e-07
4015.200000000009 1.0808276002018317e-06
4027.600000000009 1.402648189375273e-06
4040.000000000009 1.830676447332521e-06
4052.400000000009 2.4033894670666693e-06
4064.8000000000093 3.1603930846436817e-06
4077.2000000000094 4.144047912277416e-06
4089.6000000000095 5.409111562079682e-06
4102.000000000009 7.0372485006940684e-06
4114.40000000001 9.148609108149814e-06
4126.80000000001 1.1902515725089504e-05
4139.20000000001 1.5484466060471543e-05
4151.6000000000095 2.0084303128776606e-05
4164.00000000001 2.5875695370065456e-05
4176.400000000011 3.300662356828078e-05
4188.80000000001 4.160482029851697e-05
4201.20000000001 5.1794769296858454e-05
4213.60000000001 6.371781360086914e-05
4226.000000000011 7.754553159092551e-05
4238.400000000011 9.347834681857957e-05
4250.80000000001 0.00011172651339726592
4263.200000000011 0.0001324797954835577
4275.600000000011 0.00015588223753695726
4288.000000000011 0.00018203039569856554
4300.400000000011 0.00021099912227285215
4312.800000000011 0.0002428732993326411
4325.200000000012 0.00027774756499126667
4337.600000000011 0.00031567002651025123
4350.000000000011 0.0003565481276828252
4362.4000000000115 0.00040007446953927947
4374.800000000012 0.0004457318279937033
4387.200000000012 0.0004928930764537844
4399.600000000011 0.0005409744148767315
4412.000000000012 0.0005895712665401433
4424.400000000012 0.0006385216653918911
4436.800000000012 0.0006878830401504094
4449.200000000012 0.0007378442942134856
4461.600000000012 0.0007886099805963057
4474.000000000013 0.0008402898860073619
4486.400000000012 0.0008928144909990372
4498.800000000012 0.0009458825924030258
4511.200000000013 0.0009989406233181406
4523.600000000013 0.0010512000940808381
4536.000000000013 0.0011017123001443056
4548.400000000012 0.0011495150981560421
4560.800000000013 0.0011938295004464451
4573.2000000000135 0.0012342321635969735
4585.600000000013 0.001270710406124811
4598.000000000013 0.0013035522798048999
4610.400000000013 0.0013331149921272625
4622.800000000014 0.0013595862215066879
4635.2000000000135 0.0013828521111573168
4647.600000000013 0.0014025191147223782
4660.000000000014 0.001418058631826939
4672.400000000014 0.0014290022286285863
4684.800000000014 0.001435116432469225
4697.2000000000135 0.0014365042874772173
4709.600000000014 0.0014335990965735465
4722.000000000015 0.0014270413132307929
4734.400000000014 0.0014174721933383587
4746.800000000014 0.0014053232191604899
4759.200000000014 0.0013906946339365827
4771.600000000015 0.0013733796282997177
4784.000000000015 0.001353020995825432
4796.400000000014 0.0013293282115851167
4808.800000000015 0.0013022669544257464
4821.200000000015 0.0012721571458032572
4833.600000000015 0.001239653918997868
4846.000000000015 0.001205619679989797
4858.400000000015 0.0011709244950258888
4870.800000000016 0.0011362394788168523
4883.200000000015 0.0011019016726899358
4895.600000000015 0.0010679090486495617
4908.0000000000155 0.0010340487497078046
4920.400000000016 0.001000098669625251
4932.800000000016 0.0009660102595653125
4945.200000000015 0.0009319954862982629
4957.600000000016 0.0008984882095621219
4970.000000000016 0.000866002278532011
4982.400000000016 0.0008349462968481123
4994.800000000016 0.0008054701854374486
5007.200000000016 0.0007774065650271953
5019.600000000017 0.0007503307330043546
5032.000000000016 0.0007237113779226758
5044.400000000016 0.0006970874714477474
5056.800000000017 0.0006702052657888318
5069.200000000017 0.0006430790069870088
5081.600000000017 0.0006159764385125834
5094.000000000016 0.00058935324668262
5106.400000000017 0.0005637628956521692
5118.8000000000175 0.0005397577278732332
5131.200000000017 0.0005177867598593104
5143.600000000017 0.0004980956182706016
5156.000000000017 0.0004806463936833787
5168.400000000018 0.00046508951676612123
5180.8000000000175 0.0004508181994248619
5193.200000000017 0.0004371082357921712
5205.600000000018 0.0004233031848760806
5218.000000000018 0.00040897586096770897
5230.400000000018 0.0003940053091399379
5242.8000000000175 0.0003785511318331093
5255.200000000018 0.00036295539219698093
5267.600000000019 0.00034762516036360267
5280.000000000018 0.0003329372971398876
5292.400000000018 0.0003191789683522059
5304.800000000018 0.00030651803977031436
5317.200000000019 0.00029499711267275233
5329.600000000019 0.00028455262875911187
5342.000000000018 0.00027505919965652533
5354.400000000019 0.0002663855644956101
5366.800000000019 0.0002584362492931617
5379.200000000019 0.0002511579954016027
5391.600000000019 0.00024451205626217304
5404.000000000019 0.00023843492000375695
5416.40000000002 0.00023281337770759638
5428.800000000019 0.00022748491257690976
5441.200000000019 0.00022225693069868478
5453.6000000000195 0.0002169328377303412
5466.00000000002 0.00021133882089347758
5478.40000000002 0.00020535081821739906
5490.800000000019 0.00019891872712805782
5503.20000000002 0.00019207846312212015
5515.60000000002 0.0001849417561144288
5528.00000000002 0.0001776625575485037
5540.40000000002 0.00017039187737840082
5552.80000000002 0.00016324020738974626
5565.200000000021 0.00015626331470024277
5577.60000000002 0.00014947552812311622
5590.00000000002 0.0001428815660073461
5602.400000000021 0.00013650986547667458
5614.800000000021 0.0001304303816066895
5627.200000000021 0.0001247475347321185
5639.60000000002 0.00011957103040233726
5652.000000000021 0.00011497796097971608
5664.4000000000215 0.0001109830643988735
5676.800000000021 0.00010752830723933044
5689.200000000021 0.00010449250040432314
5701.600000000021 0.00010171416812408733
5714.000000000022 9.902040839157221e-05
5726.4000000000215 9.625775204123394e-05
5738.800000000021 9.332183785701974e-05
5751.200000000022 9.017947297848917e-05
5763.600000000022 8.687422299175968e-05
5776.000000000022 8.351043511963628e-05
5788.4000000000215 8.021979890029867e-05
5800.800000000022 7.712273571347202e-05
5813.200000000023 7.429823346826513e-05
5825.600000000022 7.177000507825017e-05
5838.000000000022 6.950880164591142e-05
5850.400000000022 6.744561579618225e-05
5862.800000000023 6.549034262621041e-05
5875.200000000023 6.355312355180745e-05
5887.600000000022 6.156705158862672e-05
5900.000000000023 5.950884522184203e-05
5912.400000000023 5.741036612563232e-05
5924.800000000023 5.5353205637236883e-05
5937.200000000023 5.3443992894910566e-05
5949.600000000023 5.177725687725502e-05
5962.000000000024 5.039946654996854e-05
5974.400000000023 4.928771415281975e-05
5986.800000000023 4.835013760063948e-05
5999.2000000000235 4.74471549457064e-05
6011.600000000024 4.642682691576183e-05
6024.000000000024 4.516494182353054e-05
6036.400000000023 4.3599586050591404e-05
6048.800000000024 4.175049295840743e-05
6061.200000000024 3.9716211457421604e-05
6073.600000000024 3.7647959067325964e-05
6086.000000000024 3.570700310195436e-05
6098.400000000024 3.401941748634888e-05
6110.800000000025 3.264414317888165e-05
6123.200000000024 3.156521540146737e-05
6135.600000000024 3.0708499617673626e-05
6148.000000000025 2.997284808901238e-05
6160.400000000025 2.926143970214649e-05
6172.800000000025 2.8503298800484143e-05
6185.200000000024 2.7663399836024705e-05
6197.600000000025 2.6745108540845154e-05
6210.0000000000255 2.578734522935748e-05
6222.400000000025 2.4854344788187323e-05
6234.800000000025 2.401529490288756e-05
6247.200000000025 2.331733015911776e-05
6259.600000000026 2.2763387697637116e-05
6272.0000000000255 2.2308000317865648e-05
6284.400000000025 2.1875752395169422e-05
6296.800000000026 2.1393897788296122e-05
6309.200000000026 2.0821956643561045e-05
6321.600000000026 2.0163067005841793e-05
6334.0000000000255 1.9452860665037167e-05
6346.400000000026 1.873426314889795e-05
6358.800000000027 1.803331751186686e-05
6371.200000000026 1.7348804865990442e-05
6383.600000000026 1.665945542928386e-05
6396.000000000026 1.5942562341476215e-05
6408.400000000027 1.5192337891243452e-05
6420.800000000027 1.442789511203295e-05
6433.200000000026 1.3687643027455646e-05
6445.600000000027 1.3014510883667938e-05
6458.000000000027 1.2440216712950365e-05
6470.400000000027 1.197534424276149e-05
6482.800000000027 1.160757584696221e-05
6495.200000000027 1.1306644037220254e-05
6507.600000000028 1.1033212905361865e-05
6520.000000000027 1.0749151038662014e-05
6532.400000000027 1.042688819042315e-05
6544.8000000000275 1.00554196974584e-05
6557.200000000028 9.64096568225897e-06
6569.600000000028 9.201925709807309e-06
6582.000000000027 8.759981710760161e-06
6594.400000000028 8.330810353983343e-06
6606.800000000028 7.918157827190864e-06
6619.200000000028 7.513931807535448e-06
6631.600000000028 7.104681274538543e-06
6644.000000000028 6.681907003434173e-06
6656.400000000029 6.251312702834147e-06
6668.800000000028 5.835958559328702e-06
6681.200000000028 5.470994523749356e-06
6693.600000000029 5.192006379013676e-06
6706.000000000029 5.022412578263409e-06
6718.400000000029 4.965686985699998e-06
6730.800000000028 5.005372110785327e-06
6743.200000000029 5.111796499244943e-06
6755.6000000000295 5.251532590346408e-06
6768.000000000029 5.395272363416152e-06
6780.400000000029 5.521657914792448e-06
6792.800000000029 5.617224770909384e-06
6805.20000000003 5.674361632189321e-06
6817.6000000000295 5.689204960751289e-06
6830.000000000029 5.660114939523177e-06
6842.40000000003 5.586229473366473e-06
6854.80000000003 5.465739613299553e-06
6867.20000000003 5.294752259426808e-06
6879.6000000000295 5.068384528503995e-06
6892.00000000003 4.784757165606847e-06
6904.400000000031 4.450223694794535e-06
6916.80000000003 4.082465302600932e-06
6929.20000000003 3.7087407787207552e-06
6941.60000000003 3.3593898034209147e-06
6954.000000000031 3.059579608365971e-06
6966.400000000031 2.823170439051021e-06
6978.80000000003 2.6510813459931545e-06
6991.200000000031 2.5340567631980223e-06
7003.600000000031 2.4579636940908496e-06
7016.000000000031 2.4093195606273683e-06
7028.400000000031 2.3791850015039996e-06
7040.800000000031 2.364243508707403e-06
7053.200000000032 2.364764353608154e-06
7065.600000000031 2.3803570922403214e-06
7078.000000000031 2.4056379081064366e-06
7090.4000000000315 2.42829369158286e-06
7102.800000000032 2.4309898951431684e-06
7115.200000000032 2.396552748976325e-06
7127.600000000031 2.314078030072028e-06
7140.000000000032 2.1831581744209773e-06
7152.400000000032 2.014469289788304e-06
7164.800000000032 1.8267895543923506e-06
7177.200000000032 1.642040715574195e-06
7189.600000000032 1.4803932904210756e-06
7202.000000000033 1.3568332411386204e-06
7214.400000000032 1.2795015736106024e-06
7226.800000000032 1.2493878250481378e-06
7239.200000000033 1.2609337153961745e-06
7251.600000000033 1.3034819661136573e-06
7264.000000000033 1.3636856915690122e-06
7276.400000000032 1.4286453981401567e-06
7288.800000000033 1.4888966104418594e-06
7301.2000000000335 1.5400342736174248e-06
7313.600000000033 1.5822001367851559e-06
7326.000000000033 1.6177697115175197e-06
7338.400000000033 1.648637729225506e-06
7350.800000000034 1.6746839599947072e-06
7363.2000000000335 1.6940854611307509e-06
7375.600000000033 1.704813710526732e-06
7388.000000000034 1.7059684349056664e-06
7400.400000000034 1.6980235927828993e-06
7412.800000000034 1.682077001157409e-06
7425.2000000000335 1.6588715125831783e-06
7437.600000000034 1.628259379159525e-06
7450.000000000035 1.5892586945299928e-06
7462.400000000034 1.5404925825872743e-06
7474.800000000034 1.4808109013843835e-06
7487.200000000034 1.4100249154707253e-06
7499.600000000035 1.329659413910525e-06
7512.000000000035 1.2434553008209696e-06
7524.400000000034 1.1572603895424769e-06
7536.800000000035 1.078081763524122e-06
7549.200000000035 1.012394431539203e-06
7561.600000000035 9.641524161145519e-07
7574.000000000035 9.331922581484173e-07
7586.400000000035 9.147529203519779e-07
7598.800000000036 9.005656825898724e-07
7611.200000000035 8.813774339864723e-07
7623.600000000035 8.500616655372552e-07
7636.0000000000355 8.040498133252409e-07
7648.400000000036 7.460262414830298e-07
7660.800000000036 6.826341365254473e-07
7673.200000000035 6.218710433786694e-07
7685.600000000036 5.703507502637034e-07
7698.000000000036 5.314457270912948e-07
7710.400000000036 5.047461391601791e-07
7722.800000000036 4.86726887603188e-07
7735.200000000036 4.7225765623140336e-07
7747.600000000037 4.5653507128003475e-07
7760.000000000036 4.369441171101143e-07
7772.400000000036 4.1423069779348745e-07
7784.800000000037 3.92395700852363e-07
7797.200000000037 3.771167701479095e-07
7809.600000000037 3.7320399095360044e-07
7822.000000000036 3.8221582065488926e-07
7834.400000000037 4.014455377508381e-07
7846.8000000000375 4.248601076805308e-07
7859.200000000037 4.4552975739795864e-07
7871.600000000037 4.5826222565172626e-07
7884.000000000037 4.611019166029856e-07
7896.400000000038 4.551175936776377e-07
7908.8000000000375 4.4295649477706795e-07
7921.200000000037 4.2727538145209396e-07
7933.600000000038 4.100058225623058e-07
7946.000000000038 3.9268297093984406e-07
7958.400000000038 3.7731326720438384e-07
7970.8000000000375 3.669326911737765e-07
